ball_id	frame	x	y
0	158	2321	1044
0	159	2271	1041
0	160	2216	1038
0	161	2156	1034
0	162	2082	1042
0	163	2008	1029
0	164	1919	1028
0	165	1823	1029
0	166	1731	1017
0	167	1599	1037
0	168	1487	1035
0	169	1367	1021
0	170	1234	1022
0	171	1091	1018
0	172	919	1039
0	173	760	1038
0	174	608	1014
1	184	2342	1042
1	185	2298	1046
1	186	2248	1043
1	187	2188	1054
1	188	2125	1054
1	189	2051	1058
1	190	1971	1074
1	191	1901	1070
1	192	1844	1075
1	193	1772	1071
1	194	1683	1065
1	195	1575	1061
1	196	1466	1033
1	197	1333	1044
1	198	1220	1054
1	199	1089	1068
1	200	967	1060
1	201	835	1048
1	202	680	1048
1	203	503	1060
1	204	382	1030
1	205	212	1062
2	241	2343	1060
2	242	2302	1069
2	243	2252	1073
2	244	2226	1054
2	245	2171	1050
2	246	2085	1063
2	247	2012	1066
2	248	1928	1070
2	249	1856	1052
2	250	1750	1059
2	251	1654	1037
2	252	1547	1024
2	253	1428	1013
2	254	1304	993
2	255	1163	984
2	256	1028	963
2	257	876	953
2	258	711	944
2	259	559	916
2	260	395	887
3	273	2298	1021
3	274	2263	1020
3	275	2205	1029
3	276	2127	1051
3	277	2079	1029
3	278	2021	1023
3	279	1936	1027
3	280	1835	1042
3	281	1751	1034
3	282	1658	1029
3	283	1540	1038
3	284	1402	1055
3	285	1276	1055
3	286	1132	1059
3	287	975	1066
3	288	827	1045
3	289	675	1028
3	290	540	996
4	300	2318	1051
4	301	2268	1046
4	302	2213	1044
4	303	2155	1050
4	304	2080	1053
4	305	2039	1034
4	306	1973	1022
4	307	1880	1026
4	308	1766	1035
4	309	1670	1034
4	310	1560	1036
4	311	1416	1060
4	312	1330	1046
4	313	1236	1038
4	314	1098	1095
4	315	963	1109
4	316	825	1101
4	317	679	1121
4	318	561	1156
4	319	439	1172
4	320	299	1187
4	321	142	1208
5	326	2323	1051
5	328	2235	1050
5	330	2116	1057
5	331	2027	1090
5	332	1970	1085
5	333	1881	1103
5	334	1793	1113
5	335	1710	1111
5	336	1604	1119
5	337	1475	1140
5	338	1354	1150
5	339	1254	1138
5	340	1130	1137
5	341	983	1147
5	342	814	1171
5	343	664	1169
5	344	510	1186
6	431	2345	1060
6	434	2213	1088
6	435	2153	1097
6	436	2089	1106
6	437	2011	1104
6	438	1971	1090
6	439	1888	1115
6	440	1801	1113
6	441	1710	1095
6	442	1602	1105
6	443	1513	1107
6	444	1402	1118
6	445	1268	1139
6	446	1118	1167
6	447	1018	1161
6	448	875	1207
6	449	732	1221
6	450	590	1206
7	461	2343	1032
7	462	2304	1027
7	463	2260	1017
7	464	2202	1004
7	465	2151	994
7	466	2096	970
7	467	2017	957
7	468	1936	946
7	469	1862	926
7	470	1785	903
7	471	1681	892
7	472	1558	893
7	473	1436	897
7	474	1314	897
7	475	1192	886
7	476	1068	873
7	477	926	871
7	478	764	882
7	479	626	871
7	480	460	877
8	484	2329	1035
8	486	2224	1025
8	487	2165	1018
8	488	2095	1013
8	489	2014	1026
8	490	1958	987
8	491	1881	966
8	492	1781	957
8	493	1666	952
8	494	1602	962
8	495	1531	958
8	496	1437	957
8	497	1328	955
8	498	1203	952
8	499	1081	920
8	500	931	926
8	501	804	900
8	502	656	884
8	503	482	879
8	504	342	838
8	505	176	810
9	522	2337	1051
9	523	2292	1046
9	524	2245	1034
9	525	2187	1023
9	526	2123	1014
9	527	2051	1006
9	528	1978	1000
9	529	1892	990
9	530	1805	972
9	531	1705	968
9	532	1589	965
9	533	1472	960
9	534	1358	943
9	535	1221	937
9	536	1066	941
9	537	922	928
9	538	772	913
9	539	599	910
10	566	2346	1050
10	567	2303	1053
10	568	2251	1052
10	569	2205	1043
10	570	2131	1058
10	571	2048	1064
10	572	1977	1056
10	573	1891	1060
10	574	1792	1070
10	575	1711	1054
10	576	1632	1025
10	577	1527	1006
10	578	1399	1002
10	579	1250	1006
10	580	1114	985
10	581	961	974
10	582	828	936
10	583	675	912
11	595	2271	1059
11	597	2177	1064
11	598	2118	1053
11	599	2043	1054
11	600	1999	1032
11	601	1913	1054
11	602	1841	1018
11	603	1727	1027
11	604	1605	1052
11	605	1503	1042
11	606	1378	1046
11	607	1299	1020
11	608	1166	1053
11	609	1041	1047
11	610	890	1055
11	611	747	1020
11	612	570	1035
11	613	405	1019
11	614	252	973
12	619	2329	1037
12	620	2284	1043
12	621	2271	1031
12	622	2225	1046
12	623	2168	1049
12	624	2101	1049
12	625	2042	1047
12	626	1990	1061
12	627	1914	1079
12	628	1804	1119
12	629	1731	1113
12	630	1613	1147
12	631	1543	1126
12	632	1448	1122
12	633	1328	1130
12	634	1186	1151
12	635	1024	1186
12	636	912	1186
12	637	775	1204
12	638	614	1231
13	673	2251	1066
13	674	2200	1079
13	675	2127	1100
13	676	2058	1096
13	677	1990	1092
13	678	1913	1091
13	679	1813	1100
13	680	1690	1121
13	681	1607	1111
13	682	1497	1117
13	683	1361	1135
13	684	1215	1152
13	685	1125	1105
13	686	980	1123
13	687	847	1095
13	688	695	1068
13	689	546	1011
14	691	2338	1048
14	692	2294	1051
14	693	2256	1052
14	694	2198	1053
14	695	2137	1055
14	696	2071	1056
14	697	1991	1053
14	698	1901	1061
14	699	1828	1039
14	700	1753	1000
14	701	1640	990
14	702	1500	995
14	703	1392	971
14	704	1253	972
14	705	1145	925
14	706	1003	903
14	707	840	886
14	708	678	873
14	709	541	822
14	710	384	812
14	711	222	779
15	718	2331	1052
15	719	2282	1059
15	721	2165	1072
15	722	2096	1078
15	723	2016	1078
15	725	1845	1082
15	726	1750	1085
15	727	1633	1095
15	728	1509	1109
15	729	1369	1132
15	730	1243	1134
15	731	1092	1151
15	732	980	1146
15	733	833	1198
15	734	689	1215
15	735	523	1240
15	736	346	1258
16	741	2300	1040
16	742	2246	1033
16	743	2214	1013
16	744	2160	1000
16	745	2078	1004
16	746	2044	985
16	747	1967	1011
16	748	1903	983
16	749	1798	1001
16	750	1702	1006
16	751	1619	997
16	752	1514	1000
16	753	1383	1014
16	754	1247	1020
16	755	1123	1009
16	756	983	996
16	757	838	973
16	758	666	968
16	759	502	959
17	774	2293	1066
17	775	2252	1050
17	776	2205	1040
17	777	2138	1029
17	778	2090	1003
17	779	2018	984
17	780	1930	972
17	781	1856	958
17	782	1780	941
17	783	1679	939
17	784	1555	948
17	785	1437	947
17	786	1329	939
17	787	1200	941
17	788	1046	951
17	789	904	939
17	790	751	926
17	791	576	919
17	792	423	908
18	803	2312	1027
18	804	2258	1014
18	805	2229	991
18	806	2171	992
18	807	2116	966
18	808	2040	948
18	809	1959	936
18	810	1875	905
18	811	1790	877
18	812	1707	831
18	813	1615	795
18	814	1503	765
18	815	1376	751
18	816	1270	704
18	817	1134	679
18	818	983	658
18	819	847	624
18	820	690	601
18	821	527	572
18	822	369	526
19	874	2323	1039
19	876	2224	1023
19	877	2172	1012
19	878	2102	1004
19	879	2042	990
19	880	1964	992
19	881	1865	1000
19	882	1764	1008
19	883	1655	1010
19	884	1573	987
19	885	1465	976
19	886	1333	978
19	887	1178	988
19	888	1043	977
19	889	903	955
19	890	743	946
20	906	2309	1034
20	907	2256	1037
20	908	2219	1054
20	909	2192	1061
20	910	2131	1089
20	911	2070	1112
20	912	2027	1124
20	913	1961	1143
20	914	1873	1174
20	915	1777	1206
20	916	1725	1178
20	917	1617	1212
20	918	1529	1185
20	919	1397	1202
20	920	1275	1205
20	921	1152	1204
20	922	996	1229
20	923	874	1211
20	924	742	1203
20	925	593	1210
21	940	2109	1085
21	941	1972	1089
21	942	1892	1095
21	943	1810	1101
21	944	1708	1112
21	945	1614	1119
21	946	1541	1139
21	947	1458	1146
21	948	1362	1148
21	949	1247	1149
21	950	1129	1129
21	951	979	1156
21	952	883	1121
21	953	735	1149
21	954	607	1106
21	955	437	1117
22	974	2185	1066
22	975	2123	1085
22	976	2030	1117
22	977	1958	1117
22	978	1857	1137
22	979	1775	1127
22	980	1669	1126
22	981	1552	1128
22	982	1431	1127
22	983	1290	1129
22	984	1174	1130
22	985	1069	1121
22	986	913	1169
22	987	784	1141
22	988	611	1167
22	989	435	1179
22	990	266	1172
23	1019	2280	1042
23	1020	2233	1052
23	1021	2171	1057
23	1022	2110	1063
23	1023	2035	1064
23	1024	1972	1056
23	1025	1876	1074
23	1026	1779	1074
23	1027	1698	1059
23	1028	1588	1060
23	1029	1446	1083
23	1030	1370	1041
23	1031	1258	1019
23	1032	1129	1014
23	1033	970	1017
24	1039	2280	1032
24	1040	2235	1033
24	1041	2176	1027
24	1042	2128	1015
24	1043	2057	1017
24	1044	1961	1033
24	1045	1911	1014
24	1046	1842	1002
24	1047	1752	1003
24	1048	1635	1016
24	1049	1510	1026
24	1050	1387	1012
24	1051	1257	1004
24	1052	1121	994
24	1053	961	1000
24	1054	808	984
24	1055	671	957
24	1056	507	979
24	1057	342	972
25	1065	2339	1034
25	1066	2291	1046
25	1067	2248	1057
25	1068	2186	1065
25	1069	2125	1063
25	1070	2043	1077
25	1071	1977	1087
25	1072	1906	1077
25	1073	1795	1098
25	1074	1724	1080
25	1075	1628	1070
25	1076	1509	1073
25	1077	1367	1085
25	1078	1248	1086
25	1079	1128	1085
25	1080	987	1094
25	1081	825	1112
25	1082	663	1116
25	1083	503	1115
26	1088	2306	1043
26	1089	2256	1041
26	1090	2210	1027
26	1091	2148	1026
26	1092	2059	1035
26	1093	1975	1035
26	1094	1879	1043
26	1095	1813	996
26	1096	1719	974
26	1097	1604	959
26	1098	1484	953
26	1099	1355	946
26	1100	1225	931
26	1101	1077	925
26	1102	907	925
26	1103	742	924
27	1122	2265	1034
27	1123	2206	1028
27	1124	2168	1001
27	1125	2124	974
27	1126	2063	956
27	1127	1974	951
27	1128	1890	926
27	1129	1810	887
27	1130	1712	852
27	1131	1617	829
27	1132	1510	814
27	1133	1400	791
27	1134	1285	761
27	1135	1145	747
27	1136	1014	725
27	1137	881	694
27	1138	714	688
27	1139	577	644
27	1140	419	611
28	1199	2305	1039
28	1200	2260	1038
28	1202	2133	1033
28	1204	2000	1030
28	1205	1958	1059
28	1206	1905	1076
28	1207	1832	1095
28	1208	1740	1114
28	1209	1638	1119
28	1210	1532	1144
28	1211	1433	1153
28	1212	1305	1176
28	1213	1163	1204
28	1214	1044	1216
28	1215	903	1237
28	1216	738	1267
29	1223	2339	1043
29	1224	2297	1042
29	1225	2248	1043
29	1226	2186	1046
29	1227	2129	1043
29	1228	2053	1049
29	1229	1994	1028
29	1230	1887	1042
29	1231	1824	1024
29	1232	1729	1028
29	1233	1611	1041
29	1234	1487	1072
29	1235	1387	1078
29	1236	1253	1106
29	1237	1118	1140
29	1238	993	1173
29	1239	848	1216
30	1276	2313	1052
30	1277	2265	1049
30	1278	2207	1044
30	1279	2141	1040
30	1280	2072	1037
30	1281	1995	1043
30	1282	1916	1036
30	1283	1817	1040
30	1284	1727	1032
30	1285	1618	1031
30	1286	1487	1039
30	1287	1388	1012
30	1288	1286	973
30	1289	1162	951
30	1290	1012	940
30	1291	843	935
30	1292	686	918
30	1293	525	876
30	1294	372	847
31	1304	2312	1038
31	1305	2252	1045
31	1306	2203	1025
31	1307	2120	1030
31	1308	2058	994
31	1309	2005	977
31	1310	1923	973
31	1311	1821	977
31	1312	1724	985
31	1313	1629	996
31	1314	1510	1016
31	1315	1372	1049
31	1316	1258	1055
31	1317	1129	1065
31	1318	981	1084
31	1319	842	1081
31	1320	690	1082
31	1321	516	1091
31	1322	338	1098
31	1323	169	1091
32	1383	2330	1044
32	1384	2292	1053
32	1385	2236	1061
32	1386	2178	1059
32	1387	2129	1064
32	1388	2081	1045
32	1389	1996	1055
32	1390	1897	1065
32	1391	1793	1081
32	1392	1698	1083
32	1393	1573	1110
32	1394	1456	1111
32	1395	1331	1121
32	1396	1184	1145
32	1397	1046	1151
32	1398	886	1184
32	1399	738	1182
32	1400	560	1208
33	1433	2184	1066
33	1434	2117	1078
33	1435	2037	1088
33	1436	1951	1118
33	1437	1878	1108
33	1438	1782	1114
33	1439	1669	1127
33	1440	1558	1144
33	1441	1444	1164
33	1442	1307	1193
33	1443	1155	1234
33	1444	1026	1249
33	1445	868	1282
33	1446	693	1324
33	1447	571	1302
33	1448	416	1337
33	1449	261	1339
34	1467	2271	1043
34	1469	2154	1046
34	1471	2008	1065
34	1472	1922	1075
34	1473	1835	1062
34	1474	1741	1046
34	1475	1624	1034
34	1476	1513	1024
34	1477	1390	1016
34	1478	1240	1025
34	1479	1113	996
34	1480	964	981
34	1481	800	974
34	1482	648	943
34	1483	478	922
35	1522	2320	1043
35	1523	2276	1047
35	1524	2216	1047
35	1525	2158	1049
35	1526	2080	1060
35	1527	2010	1054
35	1528	1925	1051
35	1529	1844	1044
35	1530	1743	1049
35	1531	1647	1042
35	1532	1540	1036
35	1533	1413	1040
35	1534	1288	1026
35	1535	1149	1011
35	1536	991	1013
35	1537	842	1009
35	1538	695	1010
35	1539	528	1020
36	1597	2265	1043
36	1599	2146	1039
36	1600	2074	1037
36	1601	2010	1018
36	1602	1932	1009
36	1603	1831	1008
36	1604	1723	1007
36	1605	1621	1010
36	1606	1512	1012
36	1607	1413	1004
36	1608	1287	1007
36	1609	1138	1023
36	1610	972	1049
36	1611	828	1025
36	1612	679	992
36	1613	509	970
37	1675	2326	1064
37	1676	2287	1072
37	1677	2228	1089
37	1678	2173	1082
37	1679	2100	1084
37	1680	2025	1090
37	1681	1945	1085
37	1682	1829	1100
37	1683	1746	1086
37	1684	1634	1087
37	1685	1492	1106
37	1686	1442	1057
37	1687	1326	1090
37	1688	1218	1082
37	1689	1081	1084
37	1690	943	1068
37	1691	794	1043
37	1692	624	1052
38	1697	2341	1044
38	1698	2301	1049
38	1699	2248	1051
38	1700	2203	1052
38	1701	2137	1057
38	1702	2068	1046
38	1703	1978	1052
38	1704	1896	1045
38	1705	1813	1017
38	1706	1699	1013
38	1707	1611	983
38	1708	1508	953
38	1709	1399	925
38	1710	1300	884
38	1711	1177	852
38	1712	1030	836
38	1713	861	838
38	1714	725	793
38	1715	559	771
38	1716	429	772
38	1717	283	761
38	1718	121	752
39	1724	2287	1061
39	1725	2233	1063
39	1726	2171	1063
39	1727	2113	1053
39	1728	2039	1055
39	1729	1965	1058
39	1730	1872	1068
39	1731	1773	1083
39	1732	1692	1102
39	1733	1587	1129
39	1734	1463	1164
39	1735	1349	1185
39	1736	1218	1206
39	1737	1067	1238
39	1738	914	1264
39	1739	762	1284
39	1740	593	1311
39	1741	454	1325
39	1742	316	1375
39	1743	179	1396
40	1770	2334	1039
40	1771	2288	1032
40	1772	2243	1019
40	1773	2173	1011
40	1774	2127	977
40	1775	2039	985
40	1776	1971	949
40	1777	1891	910
40	1778	1806	885
40	1779	1710	866
40	1780	1585	865
40	1781	1478	834
40	1782	1362	806
40	1783	1234	778
40	1784	1086	761
40	1785	938	739
40	1786	786	718
40	1787	616	703
40	1788	476	660
41	1790	2247	1053
41	1791	2187	1056
41	1792	2122	1050
41	1793	2041	1063
41	1794	1969	1048
41	1795	1864	1053
41	1796	1778	1043
41	1797	1660	1050
41	1798	1554	1031
41	1799	1423	1034
41	1800	1303	1016
41	1801	1162	1004
41	1802	1004	1010
41	1803	867	976
41	1804	698	968
42	1843	2310	1056
42	1844	2297	1042
42	1845	2241	1060
42	1846	2178	1058
42	1847	2113	1063
42	1848	2062	1060
42	1849	1993	1058
42	1850	1900	1065
42	1851	1797	1079
42	1852	1718	1086
42	1853	1619	1097
42	1854	1498	1121
42	1855	1359	1151
42	1856	1238	1168
42	1857	1098	1193
42	1858	929	1236
42	1859	800	1254
42	1860	646	1290
